{
 "cells": [
  {
   "cell_type": "code",
   "execution_count": 4,
   "id": "fitting-riding",
   "metadata": {},
   "outputs": [],
   "source": [
    "import pandas as pd\n",
    "import numpy as np\n",
    "np.random.seed(123)\n",
    "X = np.random.random_sample([5,3])*10"
   ]
  },
  {
   "cell_type": "code",
   "execution_count": 5,
   "id": "detected-representation",
   "metadata": {},
   "outputs": [
    {
     "data": {
      "text/html": [
       "<div>\n",
       "<style scoped>\n",
       "    .dataframe tbody tr th:only-of-type {\n",
       "        vertical-align: middle;\n",
       "    }\n",
       "\n",
       "    .dataframe tbody tr th {\n",
       "        vertical-align: top;\n",
       "    }\n",
       "\n",
       "    .dataframe thead th {\n",
       "        text-align: right;\n",
       "    }\n",
       "</style>\n",
       "<table border=\"1\" class=\"dataframe\">\n",
       "  <thead>\n",
       "    <tr style=\"text-align: right;\">\n",
       "      <th></th>\n",
       "      <th>X</th>\n",
       "      <th>Y</th>\n",
       "      <th>Z</th>\n",
       "    </tr>\n",
       "  </thead>\n",
       "  <tbody>\n",
       "    <tr>\n",
       "      <th>ID_0</th>\n",
       "      <td>6.964692</td>\n",
       "      <td>2.861393</td>\n",
       "      <td>2.268515</td>\n",
       "    </tr>\n",
       "    <tr>\n",
       "      <th>ID_1</th>\n",
       "      <td>5.513148</td>\n",
       "      <td>7.194690</td>\n",
       "      <td>4.231065</td>\n",
       "    </tr>\n",
       "    <tr>\n",
       "      <th>ID_2</th>\n",
       "      <td>9.807642</td>\n",
       "      <td>6.848297</td>\n",
       "      <td>4.809319</td>\n",
       "    </tr>\n",
       "    <tr>\n",
       "      <th>ID_3</th>\n",
       "      <td>3.921175</td>\n",
       "      <td>3.431780</td>\n",
       "      <td>7.290497</td>\n",
       "    </tr>\n",
       "    <tr>\n",
       "      <th>ID_4</th>\n",
       "      <td>4.385722</td>\n",
       "      <td>0.596779</td>\n",
       "      <td>3.980443</td>\n",
       "    </tr>\n",
       "  </tbody>\n",
       "</table>\n",
       "</div>"
      ],
      "text/plain": [
       "             X         Y         Z\n",
       "ID_0  6.964692  2.861393  2.268515\n",
       "ID_1  5.513148  7.194690  4.231065\n",
       "ID_2  9.807642  6.848297  4.809319\n",
       "ID_3  3.921175  3.431780  7.290497\n",
       "ID_4  4.385722  0.596779  3.980443"
      ]
     },
     "execution_count": 5,
     "metadata": {},
     "output_type": "execute_result"
    }
   ],
   "source": [
    "variables = ['X', 'Y', 'Z']\n",
    "labels = ['ID_0', 'ID_1', 'ID_2', 'ID_3', 'ID_4']\n",
    "df = pd.DataFrame(X, columns = variables, index = labels)\n",
    "df"
   ]
  },
  {
   "cell_type": "code",
   "execution_count": 11,
   "id": "fabulous-scout",
   "metadata": {},
   "outputs": [
    {
     "data": {
      "text/plain": [
       "array([4.973534  , 5.51665266, 5.89988504, 3.83539555, 4.34707339,\n",
       "       5.10431109, 6.69823298, 7.24426159, 8.31659367, 4.382864  ])"
      ]
     },
     "execution_count": 11,
     "metadata": {},
     "output_type": "execute_result"
    }
   ],
   "source": [
    "#use pdist from scipy spatial.distance\n",
    "from scipy.spatial.distance import pdist, squareform\n",
    "condensed_dist=pdist(df, metric='euclidean')\n",
    "condensed_dist"
   ]
  },
  {
   "cell_type": "code",
   "execution_count": 10,
   "id": "documentary-relay",
   "metadata": {},
   "outputs": [
    {
     "data": {
      "text/html": [
       "<div>\n",
       "<style scoped>\n",
       "    .dataframe tbody tr th:only-of-type {\n",
       "        vertical-align: middle;\n",
       "    }\n",
       "\n",
       "    .dataframe tbody tr th {\n",
       "        vertical-align: top;\n",
       "    }\n",
       "\n",
       "    .dataframe thead th {\n",
       "        text-align: right;\n",
       "    }\n",
       "</style>\n",
       "<table border=\"1\" class=\"dataframe\">\n",
       "  <thead>\n",
       "    <tr style=\"text-align: right;\">\n",
       "      <th></th>\n",
       "      <th>ID_0</th>\n",
       "      <th>ID_1</th>\n",
       "      <th>ID_2</th>\n",
       "      <th>ID_3</th>\n",
       "      <th>ID_4</th>\n",
       "    </tr>\n",
       "  </thead>\n",
       "  <tbody>\n",
       "    <tr>\n",
       "      <th>ID_0</th>\n",
       "      <td>0.000000</td>\n",
       "      <td>4.973534</td>\n",
       "      <td>5.516653</td>\n",
       "      <td>5.899885</td>\n",
       "      <td>3.835396</td>\n",
       "    </tr>\n",
       "    <tr>\n",
       "      <th>ID_1</th>\n",
       "      <td>4.973534</td>\n",
       "      <td>0.000000</td>\n",
       "      <td>4.347073</td>\n",
       "      <td>5.104311</td>\n",
       "      <td>6.698233</td>\n",
       "    </tr>\n",
       "    <tr>\n",
       "      <th>ID_2</th>\n",
       "      <td>5.516653</td>\n",
       "      <td>4.347073</td>\n",
       "      <td>0.000000</td>\n",
       "      <td>7.244262</td>\n",
       "      <td>8.316594</td>\n",
       "    </tr>\n",
       "    <tr>\n",
       "      <th>ID_3</th>\n",
       "      <td>5.899885</td>\n",
       "      <td>5.104311</td>\n",
       "      <td>7.244262</td>\n",
       "      <td>0.000000</td>\n",
       "      <td>4.382864</td>\n",
       "    </tr>\n",
       "    <tr>\n",
       "      <th>ID_4</th>\n",
       "      <td>3.835396</td>\n",
       "      <td>6.698233</td>\n",
       "      <td>8.316594</td>\n",
       "      <td>4.382864</td>\n",
       "      <td>0.000000</td>\n",
       "    </tr>\n",
       "  </tbody>\n",
       "</table>\n",
       "</div>"
      ],
      "text/plain": [
       "          ID_0      ID_1      ID_2      ID_3      ID_4\n",
       "ID_0  0.000000  4.973534  5.516653  5.899885  3.835396\n",
       "ID_1  4.973534  0.000000  4.347073  5.104311  6.698233\n",
       "ID_2  5.516653  4.347073  0.000000  7.244262  8.316594\n",
       "ID_3  5.899885  5.104311  7.244262  0.000000  4.382864\n",
       "ID_4  3.835396  6.698233  8.316594  4.382864  0.000000"
      ]
     },
     "execution_count": 10,
     "metadata": {},
     "output_type": "execute_result"
    }
   ],
   "source": [
    "row_dist = pd.DataFrame(,squareform(condensed_dist),\n",
    "                       columns = labels, index = labels)\n",
    "row_dist"
   ]
  },
  {
   "cell_type": "code",
   "execution_count": 12,
   "id": "rocky-variable",
   "metadata": {},
   "outputs": [
    {
     "data": {
      "text/plain": [
       "array([[0.        , 4.973534  , 5.51665266, 5.89988504, 3.83539555],\n",
       "       [4.973534  , 0.        , 4.34707339, 5.10431109, 6.69823298],\n",
       "       [5.51665266, 4.34707339, 0.        , 7.24426159, 8.31659367],\n",
       "       [5.89988504, 5.10431109, 7.24426159, 0.        , 4.382864  ],\n",
       "       [3.83539555, 6.69823298, 8.31659367, 4.382864  , 0.        ]])"
      ]
     },
     "execution_count": 12,
     "metadata": {},
     "output_type": "execute_result"
    }
   ],
   "source": [
    "squareform(condensed_dist)"
   ]
  },
  {
   "cell_type": "code",
   "execution_count": null,
   "id": "ideal-patient",
   "metadata": {},
   "outputs": [],
   "source": []
  }
 ],
 "metadata": {
  "kernelspec": {
   "display_name": "Python 3",
   "language": "python",
   "name": "python3"
  },
  "language_info": {
   "codemirror_mode": {
    "name": "ipython",
    "version": 3
   },
   "file_extension": ".py",
   "mimetype": "text/x-python",
   "name": "python",
   "nbconvert_exporter": "python",
   "pygments_lexer": "ipython3",
   "version": "3.6.10"
  }
 },
 "nbformat": 4,
 "nbformat_minor": 5
}
